Webots Project File version R2021b
perspectives: 000000ff00000000fd000000030000000000000292000003f8fc0100000001fb0000001e00480074006d006c0052006f0062006f007400570069006e0064006f00770000000000000002920000000000000000000000010000029c000003f8fc0200000001fb0000001400540065007800740045006400690074006f00720100000015000003f80000008700ffffff00000003000004ec000000ebfc0100000001fb0000001a0043006f006e0073006f006c00650041006c006c0041006c006c0100000294000004ec0000000000000000000004e2000003f800000001000000020000000100000008fc00000000
simulationViewPerspectives: 000000ff0000000100000002000000fa0000053e0100000002010000000100
sceneTreePerspectives: 000000ff0000000100000002000000c0000000fa0100000002010000000200
minimizedPerspectives: 000000ff00000000fd000000030000000000000188000003f8fc0100000001fb0000001e00480074006d006c0052006f0062006f007400570069006e0064006f0077000000000000000188000000000000000000000001000003560000031cfc0200000001fb0000001400540065007800740045006400690074006f007201000000150000031c0000008700ffffff0000000300000780000000dafc0100000001fb0000001a0043006f006e0073006f006c00650041006c006c0041006c006c0100000000000007800000006900ffffff000004280000031c00000001000000020000000100000008fc00000000
maximizedDockId: -1
centralWidgetVisible: 1
orthographicViewHeight: 1
textFiles: 0 "controllers/final_controller/final_controller.py"
globalOptionalRendering: CoordinateSystem::DistanceSensorRays::LidarPointClouds::LidarRaysPaths
renderingDevicePerspectives: SBU_BOT:camera_camera_sensor;0;0.278431;0;0
renderingDevicePerspectives: SBU_BOT:display;0;0.128;0;0.0512017
renderingDevicePerspectives: e-puck:camera;1;1;0;0
